1
1
1
1
1
1
1
1
1
1
1
1
1
1
1
1
1
1
1
32
1
1
1
1
1
1
1
32
50
1
1
1
1
1
1
1
1
1
1
1
1
1
1
1
1
1
1
1
1
1
1
1
1
1
15
1
1
51
1
1
1
1
1
1
1
1
1
1
1
1
1
1
1
1
1
1
1
1
1
30
1
1
1
15
1
1
29
19
19
9
19
1
1
1
1
1
1
1
1
30
30
30
1
30
1
30
1
1
1
30
1
1
1
1
1
1
19
9
9
15
29
29
1
1
1
1
1
1
32
32
25
25
25
25
25
21
1
29
1
1
1
1
1
1
1
7
7
7
10
10
1
1
1
1
1
1
33
33
33
33
33
33
41
34
25
1
1
29
1
1
1
1
1
1
7
15
15
26
10
10
4
1
30
1
1
33
6
32
20
30
24
20
49
25
1
1
1
1
1
1
1
1
1
19
19
26
26
4
4
4
1
1
1
1
33
4
21
20
32
6
20
49
29
1
1
1
1
1
1
1
1
29
19
19
26
4
4
4
4
28
1
1
1
33
6
32
25
25
20
24
49
20
1
1
1
1
1
1
1
1
1
33
33
33
33
49
34
33
49
34
34
33
50
33
34
33
50
34
34
33
29
28
1
1
30
1
1
1
1
1
25
30
25
25
25
30
25
30
25
25
25
33
25
22
26
27
29
25
25
1
5
1
1
1
1
1
1
1
1
1
28
1
1
1
1
1
1
1
1
1
33
1
29
25
27
1
28
1
5
5
1
1
1
1
30
30
1
1
1
1
1
1
1
1
1
1
1
1
1
33
25
27
25
20
24
31
1
5
5
30
1
1
1
1
30
30
1
1
1
1
1
28
1
1
1
30
1
1
33
27
27
21
32
23
21
21
26
21
26
24
21
26
23
26
28
26
1
1
1
28
1
1
1
1
1
1
1
33
33
33
33
49
33
34
33
33
49
34
33
33
49
33
50
49
34
1
1
1
1
1
1
1
1
1
1
1
1
1
1
1
1
1
30
1
1
1
1
1
1
1
1
1
1
1
1
1
1
1
1
1
1
1
1
1
1
1
1
1
1
1
1
1
1
1
30
29
7
1
1
1
1
1
1
24
26
26
26
26
28
13
13
18
26
26
26
26
26
29
1
1
1
1
1
29
1
1
1
1
1
30
1
1
24
26
26
26
26
28
15
13
18
26
26
26
62
60
62
1
1
30
29
1
29
30
1
1
24
1
1
1
1
29
26
26
26
26
28
28
28
31
26
1
61
42
42
60
1
24
1
1
1
1
1
1
1
1
1
1
1
1
60
26
29
30
26
28
28
28
31
1
51
49
49
57
26
1
1
1
24
1
1
24
1
1
1
1
1
1
1
62
60
30
30
26
26
30
30
31
26
51
46
46
26
26
1
1
1
1
1
1
1
1
1
1
1
1
1
1
