30
25
26
16
20
25
14
25
25
32
25
8
25
25
25
25
7
25
25
27
33
31
11
25
26
22
25
25
25
25
20
9
16
25
25
9
25
15
25
31
32
15
25
33
10
32
25
26
16
55
25
7
15
1
25
25
12
11
20
25
25
25
7
25
25
16
33
11
10
25
25
59
60
25
6
25
25
8
25
25
25
8
25
25
25
25
25
25
11
33
5
20
25
16
25
25
25
27
25
12
25
43
41
33
41
33
41
33
41
25
15
11
33
15
14
16
16
15
7
25
27
20
12
25
43
36
25
20
25
6
16
33
25
1
8
33
22
19
25
9
25
9
25
24
16
12
31
43
36
15
25
15
25
16
34
25
11
25
33
25
32
25
25
25
25
25
26
25
25
25
43
36
6
25
28
25
16
33
23
11
25
33
3
1
33
42
33
33
42
33
33
33
41
41
33
33
33
33
41
33
42
25
7
25
33
25
7
25
25
25
25
20
25
25
25
24
43
36
4
5
6
25
25
24
25
15
25
33
25
26
25
15
25
9
25
20
10
9
25
43
36
5
7
15
25
16
25
8
26
8
33
20
25
25
10
27
25
7
25
25
15
25
43
36
25
25
25
25
28
25
28
25
15
33
25
25
25
62
55
25
15
10
25
7
25
43
62
40
37
37
37
40
37
37
38
37
33
25
15
25
10
20
20
25
25
59
25
25
54
46
47
47
45
45
47
46
45
45
47
47
20
15
